0
107
66
106
66
113
106
66
106
65
105
106
66
106
66
106
106
66
106
66
106
106
66
106
67
107
107
67
107
67
107
107
67
107
67
107
107
67
107
71
106
106
66
106
66
106
106
66
106
67
107
107
67
107
67
106
106
66
106
66
106
106
66
106
67
107
107
67
107
67
107
107
67
107
138
66
105
65
105
105
65
105
66
106
106
65
105
65
105
105
65
105
65
105
106
66
106
66
106
106
66
106
66
106
114
72
112
72
112
112
72
112
72
112
112
72
112
71
111
111
71
111
71
111
111
71
112
72
112
112
72
112
72
112
108
68
108
68
108
108
68
108
68
108
108
66
106
66
105
105
65
137
107
155
163
131
179
148
196
204
172
220
188
236
244
212
260
228
276
284
252
266
216
248
240
192
224
176
207
199
151
183
135
167
160
66
106
68
106
106
66
106
66
106
106
246
286
128
168
168
70
110
70
110
110
73
113
73
113
113
73
113
73
113
114
74
114
74
113
113
71
111
71
111
111
71
111
71
111
111
71
111
71
112
112
72
112
72
112
112
72
112
72
112
112
72
112
72
112
112
71
111
71
111
111
67
107
67
107
107
67
107
67
107
107
68
108
68
108
108
68
108
66
107
127
91
136
101
145
149
113
157
122
166
170
134
178
142
186
190
155
199
163
207
211
175
219
183
227
231
195
229
177
213
207
163
199
155
191
185
141
177
133
169
165
121
157
66
106
106
66
106
66
106
106
66
106
66
106
106
66
106
66
106
106
66
106
66
106
106
66
106
66
106
106
66
106
66
106
106
66
105
65
105
105
65
105
65
105
105
65
105
65
105
105
65
106
66
106
106
66
106
66
106
106
66
105
65
105
105
65
105
65
105
105
66
106
66
106
106
66
106
66
106
106
66
106
66
106
106
66
106
66
106
106
66
106
66
106
106
66
106
66
106
106
66
106
66
106
106
66
106
66
106
106
66
106
66
106
106
66
173
140
187
195
163
211
179
227
235
203
251
219
267
275
250
125
91
140
148
116
164
132
180
188
156
204
172
220
228
196
244
212
260
268
236
264
224
254
246
198
229
181
213
205
157
189
141
173
165
118
150
98
130
122
74
108
68
108
108
68
108
68
108
107
66
106
66
106
106
66
106
66
105
105
65
105
65
105
105
65
105
65
105
105
65
105
65
106
106
66
106
66
106
106
66
106
66
106
106
66
106
66
106
106
66
106
66
106
106
66
106
66
106
106
66
108
67
107
113
66
106
66
106
106
66
106
66
106
106
66
106
66
106
106
65
105
0
