00010001
00010002
00010010
00010020
00010100
00010101
00010102
00010200
00010201
00010202
00020001
00020002
00020010
00020020
00020100
00020101
00020102
00020200
00020201
00020202
00100010
00100020
00100100
00100101
00100102
00100200
00100201
00100202
00101000
00101001
00101002
00101010
00101020
00102000
00102001
00102002
00102010
00102020
00200010
00200020
00200100
00200101
00200102
00200200
00200201
00200202
00201000
00201001
00201002
00201010
00201020
00202000
00202001
00202002
00202010
00202020
01000100
01000101
01000102
01000200
01000201
01000202
01001000
01001001
01001002
01001010
01001020
01002000
01002001
01002002
01002010
01002020
01010001
01010002
01010010
01010020
01010100
01010101
01010102
01010200
01010201
01010202
01020001
01020002
01020010
01020020
01020100
01020101
01020102
01020200
01020201
01020202
02000100
02000101
02000102
02000200
02000201
02000202
02001000
02001001
02001002
02001010
02001020
02002000
02002001
02002002
02002010
02002020
02010001
02010002
02010010
02010020
02010100
02010101
02010102
02010200
02010201
02010202
02020001
02020002
02020010
02020020
02020100
02020101
02020102
02020200
02020201
02020202
10001000
10001001
10001002
10001010
10001020
10002000
10002001
10002002
10002010
10002020
10010001
10010002
10010010
10010020
10010100
10010101
10010102
10010200
10010201
10010202
10020001
10020002
10020010
10020020
10020100
10020101
10020102
10020200
10020201
10020202
10100010
10100020
10100100
10100101
10100102
10100200
10100201
10100202
10101000
10101001
10101002
10101010
10101020
10102000
10102001
10102002
10102010
10102020
10200010
10200020
10200100
10200101
10200102
10200200
10200201
10200202
10201000
10201001
10201002
10201010
10201020
10202000
10202001
10202002
10202010
10202020
20001000
20001001
20001002
20001010
20001020
20002000
20002001
20002002
20002010
20002020
20010001
20010002
20010010
20010020
20010100
20010101
20010102
20010200
20010201
20010202
20020001
20020002
20020010
20020020
20020100
20020101
20020102
20020200
20020201
20020202
20100010
20100020
20100100
20100101
20100102
20100200
20100201
20100202
20101000
20101001
20101002
20101010
20101020
20102000
20102001
20102002
20102010
20102020
20200010
20200020
20200100
20200101
20200102
20200200
20200201
20200202
20201000
20201001
20201002
20201010
20201020
20202000
20202001
20202002
20202010
20202020